Time,Longitude,Latitude,Speed,LatAcceleration,LongAcceleration,ZAcceleration,YawRate,SteerTorque,SteerRate,SteerAngle,SteerFraction,FLWheelSpeed,FRWheelSpeed,RRWheelSpeed,RLWheelSpeed,LongDelEst,LatDelEst,LongVelEst,LatVelEst
1614456090.487964,-110.84489440917969,32.30681610107422,1.74,-5.790410008583489,0.21751975683890576,87.66565349544074,0.0,-12.20958999141651,0.0,-7.5,0.5,1.8543222196316123,1.832966658894841,1.819999999999993,1.832966658894841,0.3036804825147257,1.0171995028898279e-50,0.48240074056868526,4.036034672543001e-53
1614456090.609233,-110.84490966796875,32.30681610107422,1.846489183897617,-5.265161404127713,0.14190849475265863,187.9084947526586,0.0,-12.0,0.0,-7.500000000000001,0.5,1.9399999999999977,1.9155352890634583,1.9399999999999977,1.9455352890634594,0.2592619399619909,5.880789192282398e-46,0.5134352368916082,1.2490342049320436e-49
1614456090.70825,-110.84490966796875,32.30681610107422,1.9100000000000001,-5.8231522727534335,0.25378915767794186,44.113705914522754,0.0,-12.000000000000002,0.0,-7.499999999999999,0.5,2.069999999999993,2.040000000000006,2.0292667044167616,2.040000000000006,0.2932480722433446,-5.361482753791833e-44,0.5289224181461877,6.901817322834972e-45
1614456090.814447,-110.84490966796875,32.30681610107422,2.0300000000000007,-5.999999999999999,0.2856966947969013,76.6966947969013,0.0,-11.489897712906563,0.0,-7.5,0.6042656613079149,2.13127969839237,2.1299999999999955,2.1012796983923687,2.1299999999999955,0.4261572022865754,-9.124269414133687e-39,0.5643754848007763,-2.5091626443495053e-43
1614456090.961785,-110.84491729736328,32.30681610107422,2.1400000000000006,-6.0,0.17172002462675084,121.81360627982147,0.0,-10.000000000000002,0.0,-7.499999999999999,0.7000000000000002,2.2440938245823387,2.219999999999999,2.2280312748607827,2.24606254972156,0.48015980377420364,2.9946487346788993e-32,0.5936741028118196,-1.1481689750218789e-37
1614456091.119759,-110.84491729736328,32.30681610107422,2.25,-5.256088073740541,0.26567974465817146,56.42693444449827,0.0,-12.0,0.0,-5.999999999999999,-0.7000000000000001,2.3499999999999943,2.3499999999999943,2.3499999999999943,2.3499999999999943,0.3492827683618409,-6.978403445618241e-29,0.6246939325666216,4.004652255962657e-31
1614456091.228799,-110.84491729736328,32.30681610107422,2.3468327943000267,-4.793523477096682,0.22102021276595746,11.020212765957446,0.0,-12.793523477096683,0.0,-6.0,-0.6461280524845099,2.4447807123234853,2.4147807123234846,2.4399999999999973,2.4243421369704534,0.33313412008828225,5.715883843759602e-26,0.6524499523945597,-8.840558328228149e-28
1614456091.330165,-110.84491729736328,32.306819915771484,2.4082736701643714,-5.0,0.2324242880015526,74.2490417738101,0.0,-12.734364978484717,0.0,-6.0,-0.7000000000000002,2.536270457330999,2.5062704573309973,2.5,2.5188113719929834,0.3486091790824095,-3.735644596735827e-23,0.668237932859986,7.225166952026907e-25
1614456091.431197,-110.84491729736328,32.306819915771484,2.522358484792852,-5.0,0.23477027176927343,24.770271769273435,0.0,-11.313784064610589,0.0,-5.999999999999998,-0.7,2.6200000000000045,2.6116142315928226,2.59720474386427,2.614409487728547,0.2859715660903035,-5.674639281666997e-21,0.7007285843039627,-4.633693108773915e-22
1614456091.512215,-110.84491729736328,32.306819915771484,2.5851232612753656,-5.0,0.17698302124769574,222.98302124769577,0.0,-11.999999999999998,0.0,-6.0,-0.7000000000000002,2.6899999999999977,2.6500000000000052,2.6500000000000052,2.666982714977944,0.38218722355553947,-3.885832217813577e-18,0.7169568913552742,-7.29118829303097e-20
1614456091.617239,-110.84492492675781,32.306819915771484,2.64830344424559,-6.000000000000001,0.24769967634413795,37.69967634413796,0.0,-12.000000000000002,0.0,-7.5,0.04290378481553105,2.7800000000000007,2.7800000000000007,2.7670753197536753,2.7800000000000007,0.397267415551255,1.0049238121998837e-14,0.7369343512738202,-4.810751385878795e-17
1614456091.722235,-110.84492492675781,32.306819915771484,2.76,-4.0,0.2745219050361784,65.52190503617841,0.0,-11.0,-33.34495796229044,-10.5,0.18275210188547833,2.866368065688922,2.8400000000000034,2.8400000000000034,2.866368065688922,0.42309648516807297,1.5904725362064895e-09,0.766936051497081,1.2354033291130452e-13
1614456091.831347,-110.84492492675781,32.306819915771484,2.8100000000000005,-4.0,0.215411758493223,5.411758493223024,0.0,-11.316987289591207,-41.74213027805203,-14.511319541707804,0.1416343305857231,2.9376458338498157,2.9076458338498146,2.900000000000006,2.9300000000000073,0.4135096581850961,8.365617800080156e-06,0.7795454528067794,2.035076873116137e-08
1614456091.934389,-110.84492492675781,32.306819915771484,2.93,-4.505187761954802,0.17290740542278427,218.90740542278428,0.25,-11.494812238045196,-49.99999999999999,-19.489636614869944,0.49309107657996165,3.030000000000001,2.9914343503599543,2.989999999999995,3.0321515255399394,0.42303112134292054,0.00015079505849793264,0.8143312731129935,6.876156313855308e-05
1614456092.037369,-110.84492492675781,32.306819915771484,2.9800000000000004,-4.999999999999999,0.23688534804207717,64.25102155085119,0.25,-12.0,-60.0,-24.458613031218025,-0.32483218126918373,3.1200000000000045,3.0900000000000034,3.077379045977269,3.1200000000000045,0.8049548568338922,0.0008645402223713293,0.8275469277448049,0.00044339553001818827
1614456092.226432,-110.84492492675781,32.306819915771484,3.126087733085661,-4.0,0.12803430648236414,174.03430648236417,0.5,-11.999999999999998,-70.0,-36.356195748752654,-0.3100289339985875,3.2699999999999956,3.2099999999999937,3.2099999999999937,3.2551568375222626,0.5170753414216582,0.001211226648397191,0.8699351640356244,0.0014573313717437747
1614456092.343438,-110.84492492675781,32.306819915771484,3.210000000000001,-2.9544953345268725,0.23795913449717235,27.95913449717236,0.7500000000000001,-11.000000000000002,-69.99999999999999,-44.88787256938362,0.14019870367126305,3.37942818322087,3.2699999999999965,3.2699999999999965,3.3700000000000045,0.904501185507911,0.0042364540749505455,0.8911575498788294,0.002591323741429444
1614456092.53961,-110.84492492675781,32.30682373046875,3.391530846123384,-4.0,0.25529658056640037,103.68105834431242,1.1900923029344244,-11.239630788262302,-74.62850384387936,-58.5,-0.1760047309284447,3.5409458146314368,3.430000000000007,3.4000000000000057,3.5409458146314368,0.8740289803294186,0.007406428910573886,0.942936387597448,0.005876559865071586
1614456092.721755,-110.84493255615234,32.30682373046875,3.4900000000000007,-5.0,0.16825146956383588,214.25146956383588,1.4999999999999998,-10.851205388796973,-97.24847027972028,-74.58727054195805,0.4899388111888113,3.7057633346595775,3.5457633346595805,3.5199999999999956,3.7057633346595775,0.5143640803008029,0.006260426142469957,0.9691294516796173,0.010077177625166741
1614456092.825778,-110.84493255615234,32.30682373046875,3.5999999999999996,-4.0,0.22920502770317677,163.42543127434612,1.7499999999999998,-10.920542566904365,-99.99999999999999,-84.21875298500333,-0.027082338332218934,3.7835554279149917,3.5853331418724856,3.5799999999999983,3.769999999999996,0.6233820660147291,0.009786342415739988,1.0001342210368718,0.013436209859971602
1614456092.94902,-110.84493255615234,32.30682373046875,3.6599999999999997,-5.0,0.19728545389986982,243.28545389986982,2.0,-10.229610705596109,-88.78023818384817,-96.0,0.16098809080759213,3.8900000000000006,3.6800000000000064,3.6400000000000006,3.834863918351011,0.9526655727095914,0.020441663059898498,1.0159741216760168,0.017714712154380485
1614456093.133243,-110.84493255615234,32.30682373046875,3.77,-3.550303592010362,0.22207135367016206,12.07135367016206,2.7500000000000004,-10.0,-78.86650859786836,-112.32997628968025,0.5206556018507862,4.028866508597869,3.739999999999995,3.7365995257935998,3.980000000000004,0.5065087266128803,0.014127320828324914,1.046730309260083,0.02615629694049087
1614456093.229243,-110.84493255615234,32.30682373046875,3.83,-5.0,0.16922140925533533,148.72572318282388,3.0,-9.802233507732849,-50.0,-117.70801154728713,-0.12799230180858154,4.109999999999999,3.7999999999999976,3.769999999999996,4.049999999999997,0.49538493908222136,0.016285607705436744,1.0629027810701464,0.031718669988018505
1614456093.32137,-110.84493255615234,32.306827545166016,3.88,-6.864814083461985,0.12679641476274167,172.79641476274168,3.25,-9.0,-39.2601044285438,-121.5,-0.28400696190292013,4.164561517536894,3.829999999999998,3.8072807587684463,4.117280758768449,0.5852154729444603,0.022522991557290303,1.0769364145737728,0.03755843919886039
1614456093.428507,-110.84494018554688,32.306827545166016,3.975543867131045,-8.0,0.18185680190930786,53.727923627684966,3.25,-9.0,-25.000000000000004,-124.50000000000001,-0.32120370370370377,4.230000000000004,3.8900000000000006,3.842614745340139,4.170000000000002,0.503515660946622,0.022287228196918918,1.1037669563391905,0.045212232499787036
1614456093.519545,-110.84494018554688,32.306827545166016,3.99,-7.221723316786523,0.22997982668491035,19.979826684910357,3.5,-9.778276683213479,-28.999999999999996,-127.5,0.15079743595353215,4.290000000000006,3.925585915423746,3.8900000000000006,4.186757746271226,0.5832276454605552,0.02929470348977667,1.1071410725528867,0.05139318727189996
1614456093.623666,-110.84494018554688,32.306827545166016,4.05,-9.0,0.15062637898820647,196.62637898820645,3.4999999999999996,-6.037315458418401,-58.63519832886273,-131.86351983288628,0.3181118997317635,4.359999999999999,3.980000000000004,3.980000000000004,4.228850286705541,0.5953482552671243,0.03373880818829797,1.1235419303675793,0.05931840394403228
1614456093.72868,-110.84494018554688,32.306827545166016,4.11,-8.795583739371358,0.1853723093371347,50.78252554050843,3.8011040651571606,-6.999999999999999,-134.15410751122437,-141.62311612668364,-0.3584589248877563,4.394725356730968,4.019999999999997,3.980000000000005,4.3758239298071056,1.1345066425523402,0.07650510232067465,1.1396569191706618,0.06768517823247985
1614456093.926715,-110.84494018554688,32.306827545166016,4.16,-5.900993554692045,0.007214587482300938,53.21458748230094,4.5,-5.900993554692045,-188.00986880568746,-177.59703935829378,-0.26118425668249107,4.510000000000005,4.079999999999998,3.9800000000000044,4.390000000000001,0.6011525635396069,0.04772743197521534,1.1523749143087412,0.08563933581757557
1614456094.030101,-110.84494018554688,32.30683135986328,4.22,-2.0,0.05057996476693805,96.57996476693806,5.057258295024177,-5.0,-200.00000000000003,-197.3769646070786,0.00767846430713857,4.540000000000006,4.049999999999997,3.980000000000004,4.467539292141575,0.536652124662897,0.047427996156716,1.1682109770920406,0.09694018102263398
1614456094.122114,-110.8449478149414,32.30683135986328,4.22,-2.0,0.07098832349468713,116.98832349468712,5.96381091723565,-5.855243668942597,-267.3504493540535,-218.60256740310803,-0.28205392248642575,4.599999999999994,4.079999999999998,3.950000000000003,4.510000000000005,0.61450123344056,0.06069760623340953,1.1670981111185543,0.10735614631502298
1614456094.226126,-110.8449478149414,32.30683135986328,4.309458681533977,-2.958914510341787,0.009698920096736346,55.698920096736344,6.750000000000002,-6.000000000000001,-319.99999999999994,-251.01919513469855,-0.13461300897990214,4.700000000000003,4.1099999999999985,3.9200000000000013,4.575850138628871,0.4835969548714445,0.053049111183429754,1.1909640565346657,0.12334635506540884
1614456094.307107,-110.8449478149414,32.30683135986328,4.33,0.1128473242084239,0.13305442669646037,179.05442669646035,7.306423662104212,-5.112847324208424,-297.5950222845411,-276.7214933146377,0.32404977715458966,4.769290939786162,4.109999999999999,3.9200000000000013,4.62380604014256,0.702336329042943,0.08647708730175047,1.194879880697922,0.13563424389230067
1614456094.423283,-110.8449478149414,32.30683135986328,4.411003747257353,2.0,0.03200149118732735,78.00149118732735,8.975121102384424,-5.099515590462306,-230.00000000000003,-307.2322990868671,0.43753645360233306,4.919340396849799,4.140000000000001,3.8299999999999983,4.700000000000003,0.6566952290127155,0.09249380373934313,1.2153637688046837,0.1584446862993615
1614456094.530446,-110.8449478149414,32.30683135986328,4.499999999999999,-3.264037975287438,0.004428325966654422,50.42832596665443,9.81600949382186,-7.264037975287438,-178.0586890805869,-327.89559831895593,0.380586890805869,5.032630963885208,4.188946445827812,3.7999999999999976,4.760000000000006,0.5572485456715874,0.08812559708552103,1.236572447085416,0.18332752207844766
1614456094.620455,-110.8449478149414,32.30683517456055,4.5600000000000005,-7.0,0.0,45.99999999999999,10.250000000000002,-8.0,-180.00000000000003,-344.3435982191042,0.5312803561791689,5.099999999999995,4.200000000000003,3.769999999999996,4.790000000000006,0.7457775219782654,0.1325040045381134,1.2495998673360433,0.20547515553063017
1614456094.739458,-110.84495544433594,32.30683517456055,4.61,-7.712096614069307,0.0,46.0,11.178024153517326,-8.287903385930692,-170.00000000000003,-365.25390915860015,0.5994787788533135,5.180835226711448,4.230000000000004,3.769999999999996,4.849999999999994,1.220978667960317,0.2562232248422869,1.2586365181569195,0.23583161308111522
1614456094.93272,-110.84495544433594,32.30683517456055,4.67,-7.610801438329861,0.0,46.0,12.347299640417535,-8.0,-111.65630963448648,-392.75155355482707,0.3337476146205412,5.326967457277878,4.260000000000005,3.714548814083176,4.909999999999997,1.2740524773268191,0.3245368626721039,1.2645180283979187,0.28936409423751097
1614456095.132769,-110.84495544433594,32.30683898925781,4.780000000000001,-11.999999999999998,0.08484528767187027,130.84528767187027,13.35216421321018,-9.408656852840718,-70.0,-409.2051552607778,-0.05725052758516733,5.439999999999998,4.290000000000006,3.6231299660143015,4.969999999999999,1.3083583747271739,0.39978267825826297,1.2797504413473952,0.3538900817683896
1614456095.339066,-110.84496307373047,32.30683898925781,4.779999999999999,-14.305929449988398,0.001780554921352095,47.78055492135209,13.750000000000002,-9.305929449988396,-26.0,-420.0,0.2525170587393234,5.490503411747867,4.290000000000006,3.615251705873934,4.969999999999999,1.2180788213061575,0.4374319380534182,1.2608952536138618,0.41608858925197334
1614456095.534228,-110.84496307373047,32.30683898925781,4.78,-15.46516163635477,0.0,46.0,14.0,-11.0,-2.0,-420.0,0.5948616600790514,5.440096979707407,4.260000000000005,3.5799999999999983,4.939999999999999,0.5675416100181145,0.2265833070821519,1.2397441766163706,0.47542341787009196
1614456095.626371,-110.84496307373047,32.30683898925781,4.78,-17.0,0.0,46.0,13.75,-11.086198395805525,10.0,-418.5,0.03981692300543656,5.439999999999998,4.260000000000004,3.579999999999998,4.9628360870082,0.6282793817450205,0.2679511565634618,1.228882389473986,0.5028240376046769
1614456095.72936,-110.84496307373047,32.30684280395508,4.78,-16.0,0.0,46.0,13.75,-12.000000000000002,19.358959537572254,-417.0,0.390597302504817,5.439999999999998,4.260000000000005,3.5799999999999983,4.969999999999999,0.645818253279046,0.294849510818469,1.2160813711237988,0.5330402135002832
1614456095.836407,-110.844970703125,32.30684280395508,4.780000000000001,-22.16996606334842,0.0,46.0,13.603754242081447,-9.415016968325792,16.16830192230771,-415.1881132208654,0.4296981247500059,5.3799999999999955,4.260000000000005,3.5799999999999983,4.905841509611536,0.5527528009416649,0.2684705584059093,1.202001656441887,0.5640771464112655
1614456095.929428,-110.844970703125,32.30684280395508,4.73,-21.522830527470145,0.0,46.0,13.440353815933767,-10.477169472529857,7.000000000000001,-414.0,0.0,5.349999999999995,4.200000000000004,3.5799999999999987,4.849999999999994,1.1561524209678389,0.6110332691897722,1.1768539977985917,0.5840867021118681
1614456096.131424,-110.844970703125,32.30684280395508,4.61,-17.011250089856947,0.0,46.0,13.0,-3.988749910143052,2.9999999999999996,-413.99999999999994,0.6000000000000001,5.138628715522623,4.065752477015086,3.4899999999999944,4.715752477015081,1.1218163214375032,0.6605616867826476,1.119402334417321,0.6219005349055383
1614456096.345415,-110.84497833251953,32.30684280395508,4.188491281462818,-16.099667063020213,-0.03331382081055893,78.79329236039395,11.75,0.04983353151010701,2.9999999999999996,-412.5,-0.608637029799707,4.727669650660182,3.748834825330089,3.2099999999999937,4.287669650660184,0.8751377713662514,0.565036740086172,0.9904136499324331,0.6110379586295454
1614456096.53151,-110.84497833251953,32.30684280395508,3.889436744186047,-16.0,-0.3783289473684211,49.67105263157895,11.000000000000002,-1.0,1.0,-412.5,-0.4335510661130033,4.375930658648881,3.445930658648874,2.9329653293244426,3.980000000000004,0.44843134576222354,0.3076018607298483,0.8981564041654477,0.6011920747530365
1614456096.634491,-110.84497833251953,32.30684280395508,3.7099999999999995,-15.0,-0.38699685080698076,41.00314919301929,10.25,-0.5077473041275553,11.0,-412.50000000000006,0.7000000000000001,4.1691750597273645,3.269999999999996,2.8383501194547276,3.7694500398182376,0.7548185874610525,0.5467572978225874,0.8458478491882196,0.5897482423167004
1614456096.825707,-110.84498596191406,32.306846618652344,3.3463039466212376,-17.0,-0.5513048653291612,132.1592122216087,9.239838876698144,8.0,50.835614355231144,-405.0,-0.04986313868613139,3.712851659209122,2.900000000000006,2.549277488813684,3.4210645740114067,0.3650180139398813,0.2780191311570599,0.744900746904908,0.5564002837010489
1614456096.929669,-110.84498596191406,32.306846618652344,3.0670860619685274,-17.737862334023777,-0.6074227766255946,75.57722337440528,8.0,8.475724668047556,55.080792859626754,-398.99999999999994,0.04596035701866235,3.400000000000006,2.719999999999999,2.3535962159883828,3.1041577295930356,0.28652082895646913,0.2244697285236148,0.6749039282627105,0.5206980491813742
1614456097.019809,-110.84498596191406,32.306846618652344,2.797036564005255,-17.000000000000004,-0.7259259971167707,213.07400288322927,7.3077087394998435,9.000000000000002,54.82281217361736,-394.50000000000006,0.3588593913191324,3.115988167283899,2.469999999999999,2.147325444855928,2.8716568060699115,0.2935957089021244,0.2358950840955929,0.6088442807474821,0.4816716198088319
1614456097.123106,-110.84498596191406,32.306846618652344,2.5300000000000002,-15.0,-0.7728344071861919,165.16559281380802,6.521575381788954,9.913698472844183,50.0,-388.7621860465116,-0.3252093023255814,2.810000000000002,2.1928543609716082,1.9699999999999989,2.536422312186124,0.2666041644258712,0.2194357701799161,0.5451591815164227,0.4425831845084872
1614456097.229092,-110.84498596191406,32.306846618652344,2.2239352301532778,-14.000000000000002,-0.77970760136936,158.29239863064004,5.438081391912817,10.0,39.7198121645796,-384.8599060822898,0.030597793679188957,2.5,2.010000000000005,1.7657712498603828,2.250925499832458,0.2210346527378988,0.1856115384476862,0.4757912371617364,0.39520029313294613
1614456097.330103,-110.84498596191406,32.306846618652344,1.97,-12.999999999999998,-0.781,157.0,4.749999999999999,9.0,47.55570930953858,-380.9999999999999,0.15557093095385788,2.1599999999999966,1.7525135558501073,1.5699999999999932,2.010000000000005,0.19793829564061127,0.16902598869599128,0.41718798230061516,0.352860335810922
1614456097.433116,-110.8449935913086,32.306846618652344,1.6988369448174903,-11.576101087972994,-0.6764864581043789,27.270129679830024,4.144025271993248,8.999999999999998,71.69007671819153,-373.7535115077287,-0.4647938625446765,1.8799999999999955,1.5400000000000065,1.3199999999999934,1.7600000000000053,0.22347312922341445,0.19402804204207325,0.3588464080827692,0.3084173128694441
1614456097.628278,-110.8449935913086,32.306846618652344,0.0,-12.0,-0.6737676513011964,90.6517739178919,2.4543946983029152,8.182421206788337,140.0,-353.44705428862744,-0.436863047424834,1.3498765432098798,1.1099999999999994,1.0499999999999972,1.3199999999999932,-3.172713666543814e-05,-2.7895422804569137e-05,0.0011007240536991157,0.0009658749559710916
1614456097.733304,-110.8449935913086,32.306846618652344,0.0,-11.000000000000002,-0.6461656579056464,36.8343420943537,1.8887467419115713,7.445013032353715,179.99999999999997,-337.67782696470704,0.6644346070585946,1.0499999999999972,0.8900000000000006,0.8599999999999994,1.0669473084050007,-3.5925964425587154e-09,-3.211096277766501e-09,2.3358650761027832e-07,2.083405878687071e-07
1614456097.834585,-110.8449935913086,32.306846618652344,0.0,-4.029475312151743,-0.5584225162909631,124.57748370903693,1.7499999999999998,-2.9705246878482567,239.4659912160435,-316.5400506587967,0.6759696047219578,0.8299999999999982,0.0,0.0,0.8897259924482096,1.6541434888495132e-11,1.4793499758525286e-11,-1.0350260781394975e-09,-9.244664350894103e-10
1614456097.926574,-110.8449935913086,32.306846618652344,0.0,-4.042165407008281,-0.4567704412546518,227.22955874534824,1.7500000000000002,-9.0,301.830001431366,-290.4509995705902,-0.5816999856863401,0.7897727543981072,0.0,0.0,0.0,1.1368683772161603e-13,9.592326932761353e-14,-4.264939800660879e-12,-3.821533079124944e-12
1614456098.12586,-110.8449935913086,32.306846618652344,0.0,-5.9887035106013204,-0.39245534737743115,35.54465262256883,0.75,-3.011296489398679,381.46183284827094,-217.06145014551873,-0.5684350436556134,0.0,0.0,0.0,0.0,-1.4210854715202004e-14,0.0,-9.16413948264282e-18,-8.288732773954987e-18
1614456098.231909,-110.8449935913086,32.306846618652344,0.0,-3.3261351506691845,-0.21101331828171346,217.9866817182865,0.7499999999999999,-2.9999999999999996,392.439070160212,-176.5975815720954,-0.3536557903872768,0.0,0.0,0.0,0.0,1.4210854715202004e-14,8.881784197001252e-16,1.9573784738269277e-21,1.772117611401013e-21
1614456098.322006,-110.8449935913086,32.306846618652344,0.0,-4.855549088086923,-0.1196242737931763,53.37572620682371,0.7499999999999999,-2.144450911913077,332.7564322469983,-144.8269296740995,0.11730703259005149,0.0,0.0,0.0,0.0,-7.105427357601002e-15,-1.7763568394002505e-15,-3.2469924576358804e-23,-2.952690678286925e-23
1614456098.423017,-110.8449935913086,32.306846618652344,0.0,-5.000000000000001,-0.08341279083445079,89.58720916554921,0.25,-2.0,280.0,-114.61724304548906,0.2411495363659373,0.0,0.0,0.0,0.0,0.0,8.881784197001252e-16,4.552069814740388e-26,4.1459286383560666e-26
1614456098.526043,-110.8449935913086,32.306846618652344,0.0,-2.0,-0.10848569186689334,64.51430813310665,0.0,-1.976847611242347,301.5843932855885,-84.78702302148523,0.47818494001762196,0.0,0.0,0.0,0.0,0.0,0.0,9.346016074002935e-29,8.515139324981097e-29
1614456098.62906,-110.8449935913086,32.306846618652344,0.0,-2.0,-0.014786988395565996,158.213011604434,0.0,1.2040549531357603,299.99999999999994,-52.71071462197532,0.19999999999999998,0.0,0.0,0.0,0.0,0.0,-8.881784197001252e-16,5.452982516615438e-24,4.968206590192221e-24
1614456098.730363,-110.8449935913086,32.30685043334961,0.0,-4.0,-0.0022279752522995134,170.7720247477005,0.0,5.544875186378722,174.30419073481693,-26.14562861022254,-0.08608381469633856,0.0,0.0,0.0,0.0,0.0,8.881784197001252e-16,3.635203563828778e-19,3.3120302041596583e-19
1614456098.824366,-110.8449935913086,32.30685043334961,0.0,-2.022741629816804,0.0,46.00000000000001,0.0,10.977258370183197,210.00000000000003,-7.577213223873975,-0.576836032837808,0.0,0.0,0.0,0.0,3.552713678800501e-14,3.019806626980426e-14,-2.251596423732798e-16,-2.0512473586877346e-16
1614456098.928357,-110.8449935913086,32.30685043334961,0.0,0.0,0.0,46.00000000000001,-0.2058799769186382,14.176480092325448,239.99999999999997,14.69202881266994,0.4615942374660116,0.0,0.0,0.0,0.0,6.92025992066192e-10,6.302194321960997e-10,4.062185918339263e-13,3.697739104048979e-13
1614456099.023374,-110.8449935913086,32.30685043334961,0.0,1.0,0.20188641043239533,143.07927247769388,0.23202474014259944,14.999999999999998,280.0,40.14645852749301,-0.5764305684995342,0.7399999999999949,0.0,0.0,0.0,-2.1669014316216817e-06,-1.9753318047932567e-06,8.167652056383439e-09,7.437886628085702e-09
1614456099.132635,-110.8449935913086,32.30685043334961,0.0,2.377244565151497,0.846374020002299,160.2991838142315,0.5,10.868266304545509,307.910133758526,72.5595601913367,-0.4074187261936399,1.1099999999999994,1.171245277570568,1.2000000000000028,1.2000000000000028,0.13718748264674474,0.12560768809527012,-2.8808382291234096e-05,-2.6259019113674877e-05
1614456099.325912,-110.8449935913086,32.30685043334961,1.5800000000000003,5.036037924274742,0.9269849099018307,207.98490990183066,1.5090094810686854,12.927924151450519,300.0,135.22140584759885,0.0,1.7187717886216212,1.849999999999994,1.790000000000006,1.7000000000000026,0.1916572051802632,0.1765093810946503,0.3251063663063359,0.2981465146793032
1614456099.430906,-110.8449935913086,32.30685043334961,1.94954062688887,7.0,0.7996354736816724,80.63547368167241,2.3252953289259777,10.301181315703912,183.88409340995233,160.83477197701433,-0.03390879080572191,1.9699999999999989,2.139467556342339,2.1599999999999966,1.9297337781711688,0.4377215056766133,0.4084999781661267,0.3955244166645127,0.36534702194436125
1614456099.624972,-110.8449935913086,32.30685043334961,2.48,6.982488866089956,0.7810000000000001,62.00000000000001,3.4999999999999996,13.982488866089957,99.42266057252826,187.49999999999997,-0.4480394515275439,2.530000000000001,2.8400000000000034,2.780000000000001,2.4399999999999977,0.24605775329975188,0.23332439009745976,0.503353129314848,0.4738691653368253
1614456099.716971,-110.8449935913086,32.30685043334961,2.774421784829776,5.38363901227492,0.7810000000000001,61.99999999999999,4.0,14.000000000000002,74.57559369856571,195.0,-0.4940982835645427,2.780000000000001,3.127844583096999,3.0535337492909838,2.689999999999998,0.34301961965645944,0.33008306440050816,0.5584938741376019,0.5321196465318749
1614456099.830986,-110.8449935913086,32.306854248046875,3.139445206061121,8.292378604086387,0.9125095864097484,193.50958640974847,4.573094651021597,17.292378604086387,59.99999999999999,202.5,-0.13746191073669115,3.1200000000000045,3.5499999999999967,3.4599999999999937,2.989999999999995,0.30885462891586,0.3021827063381952,0.6273346653403581,0.6079266168190431
1614456099.923127,-110.8449935913086,32.306854248046875,3.511257945879893,7.0,0.95672996949073,88.15831964327622,5.25,16.0,33.0,206.725492909028,-0.28039432722241436,3.430000000000007,3.8599999999999994,3.7699999999999956,3.2951123296017024,0.392731253567554,0.3915742912687037,0.6949537827449774,0.6842365537767154
1614456100.031147,-110.8449935913086,32.306854248046875,3.860733876047875,8.0,0.9535814967776518,234.58149677765186,6.0,14.304268791833199,17.278402581308892,208.49999999999997,0.4680399354672777,3.754224315028966,4.3042243150289625,4.201603767052146,3.6005345890173803,0.4454355784484392,0.4544885590593868,0.7553257882460657,0.7596762635237954
1614456100.143162,-110.84498596191406,32.306854248046875,4.266677360276313,6.999999999999999,0.9229354923021394,99.01458673005837,6.727636912055802,18.910547648223204,8.0,210.0,-0.4,4.146533110607332,4.72653311060733,4.6247996659109845,3.9747996659109934,0.8207553377044405,0.8678089562445646,0.8247816317262564,0.8501522517758959
1614456100.328326,-110.84498596191406,32.30685806274414,4.972191496477046,11.000000000000002,0.993077515182901,18.077515182900996,7.500000000000001,22.179943152831427,2.0,210.0,-0.5,4.833340437624319,5.526680875248651,5.36334043762432,4.596680875248644,0.46272841065287196,0.5070986118240377,0.9380850666118368,1.0120800547912865
1614456100.423328,-110.84498596191406,32.30685806274414,5.3396327305987485,12.000000000000002,1.1390566479915047,165.05664799150463,8.230791031995853,22.000000000000004,-1.0,208.5,0.31557930258717665,5.1866262451277585,5.956626245127756,5.776626245127762,5.0071885376064715,0.5428055820093647,0.6123939315531892,0.9935446741592247,1.1002288741409156
1614456100.528377,-110.84498596191406,32.30685806274414,5.773991217659624,11.821740691966959,1.1225953139137281,148.59531391372803,8.5,21.0,-22.13384924047005,207.00000000000003,-0.27112830801566834,5.557022050952689,6.378014700635126,6.207022050952688,5.36900735031756,0.5714220344945389,0.6655393475033069,1.0566870287648158,1.2070994339405916
1614456100.633489,-110.84498596191406,32.30685806274414,6.1866633333725485,12.550672304841545,1.0738582663619158,99.858266361916,9.112331923789613,20.550672304841545,-49.999999999999986,202.5,0.07287812277355152,6.025626590183653,6.767813295091823,6.63671994263774,5.747813295091827,0.5222682150039262,0.6279632746364197,1.1123868474378096,1.312859892390962
1614456100.725498,-110.84498596191406,32.306861877441406,6.50289252769779,14.080793729154376,1.0661340206185568,92.13402061855672,9.510099216144297,18.959603135422814,-80.0,196.39685185185186,-0.2518641975308643,6.21942529302899,7.206283528686,7.066283528685999,6.091047254781003,0.6374726655670955,0.7933314238944842,1.1471179202412582,1.395942702563384
1614456100.833623,-110.84497833251953,32.306861877441406,6.9773957926591175,7.0901963545884525,0.980060325698141,5.06032569814112,9.75,19.999999999999996,-70.0,187.6621962724051,0.6134953213839525,6.795035243213061,7.622552864819593,7.429172540535517,6.488345081071016,0.5746544720578797,0.740845622931479,1.2022434016284398,1.5190158154638975
1614456100.92778,-110.84497833251953,32.306861877441406,7.292216213003686,9.141982044541443,1.0436946254364807,69.69462543648079,9.75,23.000000000000004,-70.0,181.5,0.359025988700565,6.994558889790036,7.992720555104986,7.774558889790037,6.85183833468505,0.5634926162569229,0.750398304826783,1.2316676308098895,1.6084962457091398
1614456101.018055,-110.84497833251953,32.30686569213867,7.668762084583119,8.66161940202746,0.9433623645086773,224.36236450867733,9.75,23.0,-80.0,174.9802507259068,0.1425496612434899,7.461429005776836,8.309048342961391,8.061429005776828,7.157619337184558,0.6668048204646055,0.9192823194633135,1.2692790889204024,1.711448933764947
1614456101.122063,-110.84497833251953,32.30686569213867,7.970952790897882,9.0,1.0114661368468751,36.82996967478825,9.749999999999998,23.86087007573534,-89.99999999999999,166.5,-0.04280728964715007,7.749926639385172,8.681941311508133,8.501941311508139,7.583882623016264,0.7465350770361212,1.0705879669611242,1.2870875136355413,1.8012302957278992
1614456101.23609,-110.844970703125,32.30686569213867,8.444055082528658,10.581257385960766,0.9790357500715717,4.09783853421128,9.604685653509808,23.999999999999996,-130.0,154.28758493771232,-0.6716779916949792,8.196456193496473,9.090000000000003,8.93484214512236,8.011298338618829,0.6010305304498189,0.8940709612451663,1.3257740967316367,1.9335284238917823
1614456101.326106,-110.844970703125,32.30686950683594,8.754286919238067,10.0,1.0506825589966189,76.68255899661874,9.477587126600284,24.089651493598858,-170.0,140.52501946351475,-0.4941751008563947,8.519573021484911,9.405743812890949,9.24574381289094,8.355743812890939,0.7255322195091125,1.1171972230675813,1.3456053590505104,2.026680481477758
1614456101.43311,-110.844970703125,32.30686950683594,9.106112288901201,2.667328105575213,1.026918478064741,75.39366782548026,8.638944008797935,26.000000000000004,-191.34385472868584,118.90315641860576,0.45217597984455593,8.960756259342302,9.763397328101641,9.694153587443942,8.77735893124066,0.6493513469239716,1.0331533522550806,1.3651838519186035,2.1330463271329174
1614456101.527129,-110.844970703125,32.3068733215332,9.487848173111034,-2.0,1.1088482069176904,134.84820691769033,7.468287615803651,25.000000000000004,-145.40519680987907,104.65538976074092,0.14594803190120917,9.372634000188736,10.065804001132395,9.990536000754933,9.102144003019726,0.6825685836943691,1.116334629057949,1.3909915689025285,2.237959699752045
1614456101.624151,-110.84496307373047,32.3068733215332,9.86844390832328,0.0,1.0991320870727066,125.13208707270644,7.0,25.8036626344086,-119.99999999999999,93.07634236217457,-0.21526847243491576,9.739999999999993,10.429347752126374,10.260163061968413,9.688695504252731,0.7520605793710331,1.2640597002733571,1.418752946041491,2.344985753243998
1614456101.729284,-110.84496307373047,32.3068733215332,10.260716024439523,1.7191918965555881,0.9848571017032566,9.857101703256474,6.440067341953702,25.760269367814807,-164.3605901104604,77.34591148343095,0.4127881977907925,10.065061807089032,10.775185421267102,10.72514421654108,10.055103011815056,0.7486695031429917,1.2911530675958716,1.443719127249393,2.4532898512648176
1614456101.832296,-110.84496307373047,32.30687713623047,10.572670767470138,-3.657740727726551,0.9858718648735266,232.68097380322146,5.084225927227345,21.005355563364073,-127.73564727042925,63.33965290943561,-0.5452870545914152,10.59333540002384,11.016670800047693,10.790000000000006,10.596670800047692,0.7093130384762674,1.2479360743094787,1.4627195495069774,2.5459101543854574
1614456101.928311,-110.84495544433594,32.30687713623047,10.893853832442067,-2.850179542788068,0.9509863656182608,147.86979577888025,4.25,23.000000000000004,-113.49717053401537,51.97542441989769,-0.39508488397953884,10.916549233789972,11.286549233789977,11.402183077929994,10.945938974023338,1.4810064769924338,2.6701136643792758,1.4879264889604182,2.63516443296275
1614456102.12359,-110.84495544433594,32.306884765625,11.579345251259367,-2.2090702153738397,0.9994719462302748,136.3606808883694,3.0261337769217294,21.0,-90.86471338854554,30.0,-0.22217579503090049,11.696758461753342,11.96740676940267,11.988055077052,11.646110154104015,0.8257559184538437,1.5182904526656316,1.5451564483334483,2.822099937700219
1614456102.228741,-110.8449478149414,32.306884765625,12.02149398105786,-5.171542396454586,1.1216089451576645,147.60894515766432,1.9571144008863535,23.000000000000004,-70.0,21.0,0.34111148878314074,12.182705591702954,12.323361136930677,12.259344454772272,12.09270559170295,0.7584509573585336,1.4055222193941717,1.5911071786963222,2.9365982497207876
1614456102.322885,-110.8449478149414,32.306888580322266,12.400723978176002,0.0,1.0082406565716036,33.647763935661644,1.4999999999999998,19.999999999999996,-40.99999999999999,16.5,-0.1379321691306085,12.542241521141323,12.588448304228267,12.583793216913064,12.477586433826117,0.7750591037326586,1.4448754550567813,1.6334374764473292,3.034294828344034
1614456102.416884,-110.8449478149414,32.306888580322266,12.71707227605654,0.0,1.0277406030463165,72.7423437985701,1.2499999999999998,18.585301585780673,-30.51206769003144,13.499999999999998,0.0024135380062881347,12.875402972862403,12.965134324287463,12.859999999999998,12.787970135006134,0.8865664598349667,1.6616957544587478,1.6665959923767046,3.113524214347102
1614456102.522023,-110.84494018554688,32.30689239501953,13.072355503195174,-3.8548122180819764,0.9929078333638193,17.907833363819282,1.0362969454795057,16.709624436163953,-38.81669346586756,9.408346732933781,0.10054572918189346,13.233170852040054,13.313170852040056,13.332683408160241,13.253658295919873,0.8120171376198044,1.5287693821931327,1.7073279981087026,3.207018777824794
1614456102.616037,-110.84494018554688,32.30689239501953,13.394267477844988,-3.9579018220894393,0.8885247128253767,169.52471282537675,0.75,17.95790182208944,-23.0,5.999999999999999,0.4716143378531893,13.613710280588247,13.61927570147062,13.547420561176502,13.371130841764746,0.9991045722602365,1.8860167844636493,1.7433707238541616,3.2863462663990872
1614456102.729308,-110.84493255615234,32.3068962097168,13.713796471960691,-1.0,1.070893189037978,96.89318903797829,0.25,17.210615398982114,-20.999999999999996,4.5,-0.19139690444802498,13.965067135120623,13.965067135120623,13.989955243252924,14.009955243252918,0.8500799353710065,1.6066481812096143,1.782943847630852,3.3677356932474076
1614456102.823406,-110.84493255615234,32.3068962097168,14.031906867876593,0.8537238814003276,0.8778879159575091,158.88791595750925,0.25,14.146276118599673,-35.0,1.5,-0.3651386748844376,14.24783506668298,14.261443288878015,14.27567013336596,14.227835066682985,0.9323663423874393,1.7639567589242588,1.8226900023281118,3.446231901004597
1614456102.924573,-110.84492492675781,32.30690002441406,14.314375743870507,-1.9403803907287103,0.8583151435906049,139.31514359060486,0.014904902317822445,10.000000000000002,-31.058214872836285,-2.956338845372788,0.46507107629823036,14.507030567685591,14.562008733624458,14.472008733624453,14.5,0.8643341295528799,1.635723089075718,1.8567838484410724,3.5140867725111464
1614456103.016607,-110.84492492675781,32.30690383911133,14.576852280784687,-0.5651427736799824,0.7938289065109547,74.82890651095468,-0.25,7.565142773679982,-15.862895682567814,-4.5,0.08628956825678137,14.789932429194419,14.795011261800935,14.780000000000001,14.765011261800934,1.0238838561229642,1.9354227168771914,1.8927267524810654,3.5813317234840722
1614456103.123748,-110.84492492675781,32.30690383911133,14.850000000000001,-3.0,0.7201795886456579,142.87634111137842,-0.7279299393476288,5.088280242609485,-4.069343065693431,-4.5,0.09306569343065695,15.147498449708548,15.029999999999998,14.959999999999992,15.086998139650255,0.896654445685499,1.6903013248924879,1.9313122128401732,3.6472383577336025
1614456103.215751,-110.84491729736328,32.306907653808594,15.080000000000002,-2.9999999999999996,0.7700839288540436,51.08392885404366,-0.7499999999999999,8.927383626032425,-2.0,-4.5,-0.40840298056590474,15.283437404705497,15.200312214116483,15.260312214116485,15.25515610705824,1.0826059046002214,2.035387548104943,1.9633252643528931,3.696939400188758
1614456103.324769,-110.84491729736328,32.30691146850586,15.38467619070505,-2.9711296076099885,0.7387391919943365,18.739191994336522,-0.5,10.971129607609987,-8.0,-6.0,0.0,15.549999999999997,15.531592767077735,15.504247378873954,15.549999999999997,1.0221111235464022,1.9170116105397312,2.0087934009342505,3.7731295886832865
1614456103.425793,-110.84490966796875,32.306915283203125,15.580000000000002,-1.0,0.7160493816824934,108.18371325376134,-0.75,6.045079855744461,-4.0,-6.0,-0.2077563216120111,15.876000561038436,15.766399663376937,15.71480044883074,15.88759977558463,0.9449005022349297,1.766969397209749,2.038659340597034,3.8190597455270634
1614456103.517775,-110.84490966796875,32.306915283203125,15.81793910026322,0.0,0.5898504324132212,125.85043241322118,-0.7499999999999999,7.368157763701841,-10.0,-7.5,0.4431536764374803,16.059904224090747,16.03990422409075,15.730191551818496,15.910095775909248,1.0256119659303877,1.912160486116825,2.073131117510237,3.8724042510288594
1614456103.615826,-110.84490203857422,32.30691909790039,15.983083272215044,-4.156904352492103,0.4303914900088913,221.39149000889137,-0.8848065220307564,12.382321735630924,-12.999999999999998,-8.999999999999998,0.4888191258150205,16.29622335242531,16.157553295149373,15.990071060199162,16.241329942724054,1.0190830323900641,1.8922689592760662,2.101884193611669,3.9138268920809067
1614456103.711801,-110.84490203857422,32.306922912597656,16.25162922780064,-6.999999999999999,0.6810972991689751,217.09729916897507,-1.2499999999999998,18.627148044498924,-12.999999999999998,-10.5,0.6245877495835245,16.536126015259654,16.385375338419887,16.439189022889487,16.374624661580118,1.117470892460389,2.065066692471504,2.1430097605198055,3.9714005506954515
1614456103.814979,-110.84489440917969,32.306922912597656,16.481055590558817,-2.4998972548924803,0.7670378213003783,47.04727662547276,-1.12502568627688,15.999589019569923,-9.94546511627907,-10.5,-0.40545348837209305,16.803333175400358,16.683333175400367,16.489444470766603,16.728333412299826,1.1387148201680333,2.0936508883387503,2.181920384389938,4.024959447189127
1614456103.918112,-110.84489440917969,32.30692672729492,16.771362430729884,0.6705457512027161,0.7781797235023042,59.17972350230414,-1.4999999999999998,16.33527287560136,-4.662534053654707,-10.5,-0.5,17.129999999999995,16.8195462274919,16.943455472990287,16.95045377250809,1.1747166915115343,2.1469031556235905,2.230151662498096,4.090315071959686
1614456104.022279,-110.84488677978516,32.30693054199219,17.008834804293084,-3.2635536859915866,0.6752164619343562,211.21646193435618,-1.25,11.131776842995794,-2.0,-10.500000000000002,-0.6000000000000001,17.28159001073869,17.149487513423356,17.140000000000004,17.26107752416204,1.1805247009917252,2.145814344808471,2.2710082220188865,4.141247301491345
1614456104.12527,-110.84488677978516,32.30693435668945,17.21,-7.988763137553502,0.6339604820828266,169.96048208282667,-1.4985953921941877,7.00561843122325,-1.0,-10.5,-0.5,17.45929888492093,17.31896679056434,17.36206641887132,17.467933581128683,1.1529383814500989,2.083343648642753,2.308341942820816,4.186524846526567
1614456104.224409,-110.84487915039062,32.30693435668945,17.38,-5.999999999999999,0.5823159922006771,118.31599220067706,-1.4999999999999998,4.0,-1.0,-10.5,-0.5,17.72,17.513260801765718,17.618777199337867,17.701222800662144,1.077253767765697,1.935662444877721,2.342469525230854,4.222484853889839
1614456104.315595,-110.84487915039062,32.30693817138672,17.61217884756343,0.0,0.5357776527578733,71.77765275787328,-1.3832117414323448,6.06569393145876,-0.9279887199113708,-10.5,-0.4,17.840000000000007,17.663696813178547,17.63184840658927,17.85184840658927,1.296766606412774,2.316766304070569,2.3825268054719437,4.273057669741922
1614456104.423691,-110.8448715209961,32.306941986083984,17.78,2.8168759942068897,0.44638368353093083,237.38368353093085,-1.4999999999999998,9.81687599420689,0.0,-10.499999999999998,-0.4,18.064055286473717,17.79013821618429,17.873917070289426,17.933041464855293,1.143020344900549,2.0293698629818664,2.4172337293610893,4.3068147430818415
1614456104.517711,-110.8448715209961,32.306941986083984,17.898155275908636,0.0,0.40061900759925195,191.61900759925192,-1.5,7.320934430707474,0.0,-10.5,-0.3753044078720222,18.183558501086857,18.013558501086855,18.00509049239202,18.040000000000006,1.4047447944310818,2.478797643288445,2.444363158256174,4.330143848721313
1614456104.631721,-110.84486389160156,32.30694580078125,18.06,-5.334651556533237,0.3921689782087983,183.16897820879828,-1.2499999999999998,2.6663371108666905,0.0,-10.5,-0.3,18.425196654778016,18.123581601279064,18.30279498216702,18.25799163694502,1.1233674230565356,1.9718695068896608,2.4794156873615347,4.364292241255744
1614456104.72186,-110.84486389160156,32.306949615478516,18.20744886502319,-6.158278299154212,0.455223875893831,246.22387589383106,-1.25,5.733773606766308,0.0,-10.5,-0.22877287526664425,18.468475428269056,18.283453711665228,18.37282514275636,18.335874286218218,1.1616008511026052,2.0295238730594605,2.507356485665396,4.393334700684063
1614456104.813872,-110.84485626220703,32.30695343017578,18.388272209406338,-3.270671834625323,0.46212285864424596,9.821965317919076,-1.2500000000000002,5.091731266149872,0.0,-10.5,0.0,18.591582544315518,18.418922189791424,18.49683491136898,18.714197337509788,1.3396841795682377,2.329063854925977,2.539750690496799,4.429416822692132
1614456104.918883,-110.8448486328125,32.30695343017578,18.51,-1.0,0.48428609573979653,19.46569847521929,-1.4243004790997165,0.6055961672022695,0.0,-10.499999999999998,0.10000000000000002,18.841254861724217,18.5995817127586,18.556235414827366,18.814372569137895,1.3071917862890814,2.259347260889996,2.5675418545662745,4.453899111757782
1614456105.020054,-110.8448486328125,32.30695724487305,18.68,1.1178885630498532,0.41415087886551877,205.15087886551868,-1.4999999999999998,-1.5589442815249266,0.0,-10.5,0.1,18.916156170057256,18.78,18.763078085028624,18.80884760628578,1.1769425586420397,2.022513769398671,2.603199217199198,4.4883653909916
1614456105.110078,-110.84484100341797,32.30696105957031,18.79,-4.664295874822191,0.39546817998529377,186.46817998529374,-1.5000000000000002,0.5342816500711238,0.0,-10.5,0.10000000000000002,19.01572690034095,18.860000000000003,18.86430253378793,18.89142436655302,80.92893268704559,85.66715800663876,2.6296751426301097,4.509493670735852
